FFFFFFFF 0 0 01 02 03 04 05 06 07 08
FFFFFFFF 0 0 01 02 03 04 05 06 07 08
FFFFFFFF 0 0 01 02 03 04 05 06 07 08
FFFFFFFF 0 0 01 02 03 04 05 06 07 08
FFFFFFFF 0 0 01 02 03 04 05 06 07 08
FFFFFFFF 0 0 01 02 03 04 05 06 07 08
FFFFFFFF 0 0 01 02 03 04 05 06 07 08
FFFFFFFF 0 0 01 02 03 04 05 06 07 08
FFFFFFFF 0 0 01 02 03 04 05 06 07 08
FFFFFFFF 0 0 01 02 03 04 05 06 07 08
FFFFFFFF 0 0 01 02 03 04 05 06 07 08
FFFFFFFF 0 0 01 02 03 04 05 06 07 08
FFFFFFFF 0 0 01 02 03 04 05 06 07 08
FFFFFFFF 0 0 01 02 03 04 05 06 07 08